0
11
23
35
47
59
71
82
94
106
117
129
141
152
164
175
187
198
210
221
233
244
256
267
279
290
302
313
325
336
348
359
371
383
394
406
418
429
441
453
465
477
489
501
513
525
537
549
561
574
586
598
611
623
636
649
661
674
687
700
713
726
740
753
767
780
794
807
821
835
848
862
876
890
904
918
932
946
961
975
989
1004
1018
1033
1047
1062
1076
1091
1106
1120
1135
1150
1165
1180
1195
1210
1225
1240
1255
1270
1285
1301
1316
1331
1347
1362
1377
1393
1408
1424
1439
1455
1471
1486
1502
1518
1533
1549
1565
1581
1597
1613
1628
1644
1660
1676
1692
1708
1725
1741
1757
1773
1789
1805
1821
1838
1854
1870
1887
1903
1919
1936
1952
1969
1985
2002
2018
2035
2052
2068
2085
2102
2119
2136
2152
2169
2186
2203
2220
2237
2254
2272
2289
2306
2323
2340
2358
2375
2393
2410
2428
2445
2463
2480
2498
2516
2533
2551
2569
2587
2605
2623
2641
2659
2677
2695
2713
2732
2750
2768
2787
2805
2824
2842
2861
2879
2898
2917
2936
2955
2974
2993
3013
3032
3051
3071
3090
3110
3129
3149
3168
3188
3208
3228
3248
3268
3288
3308
3328
3348
3368
3388
3408
3428
3448
3468
3489
3509
3529
3549
3570
3590
3610
3631
3651
3671
3692
3712
3732
3752
3773
3793
3813
3834
3854
3874
3894
3914
3934
3955
3975
3995
4015
4035
4055
4075
4095

