0
9
19
28
37
46
56
65
74
83
92
101
110
119
129
138
147
156
165
175
184
193
203
212
222
231
241
251
261
271
281
291
301
311
322
332
342
352
362
373
383
393
404
414
424
435
446
456
467
478
489
500
511
523
534
546
558
570
582
594
607
619
632
646
659
673
687
701
715
730
744
759
774
790
805
821
836
852
868
884
901
917
933
950
966
983
1000
1016
1033
1050
1067
1083
1100
1117
1134
1150
1167
1184
1201
1217
1235
1252
1269
1286
1304
1321
1339
1356
1374
1392
1410
1427
1445
1463
1480
1498
1516
1534
1551
1569
1586
1604
1621
1638
1655
1673
1689
1706
1723
1740
1756
1772
1789
1805
1821
1837
1852
1868
1884
1900
1915
1931
1947
1962
1978
1993
2009
2024
2040
2055
2071
2087
2102
2118
2134
2150
2166
2182
2198
2215
2231
2247
2264
2280
2297
2314
2330
2347
2363
2380
2397
2414
2430
2447
2464
2481
2498
2515
2532
2549
2566
2584
2601
2618
2636
2653
2671
2688
2706
2723
2741
2759
2777
2795
2813
2831
2849
2867
2885
2903
2921
2939
2957
2976
2994
3012
3031
3049
3068
3087
3105
3124
3143
3162
3181
3201
3220
3240
3259
3279
3299
3319
3339
3359
3380
3401
3422
3443
3464
3485
3507
3529
3551
3573
3595
3617
3640
3662
3685
3708
3731
3753
3776
3799
3822
3845
3868
3891
3914
3937
3959
3982
4005
4028
4050
4073
4095
