0
119
187
245
297
346
393
438
481
522
562
601
640
677
713
749
784
819
853
887
919
951
983
1015
1046
1076
1106
1136
1165
1194
1222
1251
1279
1306
1333
1360
1387
1413
1439
1465
1490
1515
1540
1564
1589
1613
1636
1660
1683
1706
1729
1751
1774
1796
1818
1840
1861
1882
1903
1924
1945
1965
1985
2006
2025
2045
2065
2084
2103
2122
2141
2159
2178
2196
2214
2232
2250
2267
2285
2302
2319
2336
2353
2370
2387
2403
2419
2435
2451
2467
2483
2498
2514
2529
2544
2560
2575
2589
2604
2619
2633
2648
2662
2676
2690
2704
2718
2732
2745
2759
2772
2786
2799
2812
2825
2838
2851
2864
2876
2889
2901
2914
2926
2938
2951
2963
2975
2986
2998
3011
3023
3035
3047
3059
3071
3082
3094
3105
3117
3128
3139
3151
3162
3173
3184
3195
3205
3216
3226
3237
3247
3258
3268
3278
3288
3298
3308
3318
3328
3338
3348
3357
3367
3377
3386
3395
3405
3414
3423
3433
3442
3451
3460
3469
3478
3487
3496
3505
3514
3523
3532
3540
3549
3558
3567
3575
3584
3592
3601
3610
3618
3627
3635
3644
3652
3660
3669
3677
3685
3693
3701
3709
3717
3724
3732
3740
3748
3755
3763
3770
3778
3785
3793
3800
3807
3814
3822
3828
3836
3843
3850
3857
3864
3871
3878
3884
3892
3898
3905
3912
3919
3926
3932
3939
3946
3953
3960
3966
3973
3980
3986
3993
4000
4006
4013
4020
4027
4033
4040
4047
4054
4061
4067
4074
4081
4088
4095
