0
97
183
264
339
413
482
550
612
673
732
790
845
899
952
1008
1057
1105
1150
1196
1238
1275
1316
1355
1394
1431
1467
1503
1537
1570
1602
1633
1664
1694
1724
1753
1782
1810
1837
1864
1891
1916
1942
1967
1992
2016
2039
2063
2086
2109
2131
2152
2174
2195
2215
2236
2256
2276
2295
2314
2334
2352
2370
2388
2406
2424
2441
2458
2475
2491
2508
2524
2540
2556
2571
2586
2601
2616
2631
2645
2660
2674
2688
2702
2716
2729
2743
2756
2769
2782
2795
2808
2820
2833
2845
2857
2869
2881
2893
2904
2916
2928
2939
2950
2961
2973
2983
2994
3005
3015
3026
3036
3047
3057
3067
3078
3088
3098
3108
3117
3127
3137
3147
3156
3165
3175
3184
3193
3203
3212
3221
3230
3239
3248
3256
3265
3274
3283
3291
3300
3308
3317
3325
3333
3342
3350
3358
3366
3374
3383
3390
3399
3406
3414
3422
3430
3437
3446
3453
3461
3468
3475
3483
3491
3498
3505
3513
3520
3527
3535
3542
3549
3557
3564
3571
3578
3585
3592
3599
3606
3613
3620
3627
3634
3641
3647
3654
3662
3668
3675
3682
3689
3695
3702
3709
3716
3723
3729
3736
3743
3750
3756
3763
3770
3776
3783
3790
3796
3803
3810
3816
3823
3829
3836
3843
3850
3856
3863
3869
3875
3882
3888
3895
3901
3907
3914
3920
3926
3932
3938
3944
3951
3957
3963
3969
3975
3981
3987
3993
3999
4005
4011
4017
4022
4028
4034
4040
4046
4051
4057
4063
4068
4074
4080
4086
4090
4095
