0
74
147
219
289
357
424
490
554
617
678
738
797
854
911
966
1019
1072
1123
1174
1223
1271
1318
1364
1410
1454
1497
1539
1581
1621
1661
1699
1737
1774
1811
1846
1881
1915
1949
1981
2013
2044
2075
2105
2135
2163
2191
2219
2246
2273
2299
2324
2349
2373
2397
2421
2444
2466
2489
2510
2532
2552
2573
2593
2613
2632
2651
2670
2688
2706
2724
2741
2758
2775
2791
2807
2823
2839
2854
2869
2884
2899
2913
2927
2941
2955
2968
2982
2995
3008
3020
3033
3045
3057
3069
3081
3092
3104
3115
3126
3137
3148
3158
3169
3179
3190
3200
3210
3220
3229
3239
3248
3258
3267
3276
3285
3294
3303
3312
3320
3329
3337
3346
3354
3362
3370
3378
3386
3394
3402
3409
3417
3424
3432
3439
3446
3454
3461
3468
3475
3482
3489
3496
3502
3509
3516
3522
3529
3535
3542
3548
3555
3561
3567
3573
3579
3585
3592
3598
3604
3609
3615
3621
3627
3633
3638
3644
3650
3655
3661
3667
3672
3678
3683
3689
3694
3699
3705
3710
3716
3721
3726
3731
3737
3742
3747
3752
3758
3763
3768
3773
3778
3783
3788
3793
3799
3804
3809
3814
3819
3824
3829
3834
3839
3844
3849
3854
3859
3864
3869
3874
3879
3884
3889
3895
3900
3905
3910
3915
3920
3925
3930
3935
3940
3945
3950
3955
3960
3965
3970
3975
3980
3985
3990
3995
4000
4005
4010
4015
4020
4025
4030
4035
4040
4044
4049
4054
4059
4063
4068
4073
4077
4082
4086
4091
4093
4095
